Krg_grgj.ascii

 Time explicit
 Intervalnr            1
           2
   382.343109            5340
   385.262512            5335
   388.179993            5365
   391.095612            5215
   394.009399            5160
   396.921387       4770.50000
   399.831390       4396.50000
   402.739594       4026.00000
   405.645905       3644.50000
   408.550415            3159
   411.452911       2594.50000
   414.353699            2131
   417.252502            1684
   420.149506             989
   423.044586       307.700012
   425.937805      -263.750000
   428.829193      -907.500000
   431.718689           -1557
   434.606415           -2267
   437.492096      -2634.50000
   440.376007      -3234.50000
   443.258087           -3577
   446.138214           -3792
   449.016510           -4253
   451.892914           -4523
   454.767487      -4840.50000
   457.640198           -4214
   460.510986      -4556.50000
   463.379913           -4214
   466.247009      -3740.50000
   469.112213           -3142
   471.975586           -2657
   474.837097      -2167.50000
   477.696686           -1718
   480.554413      -1273.50000
   483.410309      -1261.50000
   486.264313           -1151
   489.116486           -1285
   491.966705      -1054.50000
   494.815094           -1320
   497.661713      -1390.50000
   500.506287      -1304.50000
   503.349091           -1454
   506.190094           -1499
   509.029114      -2006.50000
   511.866302      -1946.00000
   514.701721           -2755
   517.535095      -3742.50000
   520.366699           -4657
   523.196411           -5645
   526.024170           -7005
   528.850220           -8100
   531.674377           -8635
   534.496582           -9505
   537.317017          -10595
   540.135498          -10310
   542.952087          -10170
   545.766907          -10245
   548.579773          -10225
   551.390930          -10710
   554.200012          -10860
   557.007324          -12270
   559.812683      -13445.0000
   562.616272      -15465.0000
   565.418030          -17990
   568.217773          -20355
   571.015808          -23035
   573.811890          -26530
   576.606079      -29215.0000
   579.398376          -31990
   582.189026          -33885
   584.977478          -35895
   587.764282          -36680
   590.549194          -37195
   593.332214          -36745
   596.113281          -35665
   598.892578          -34475
   601.669983          -32625
   604.445618      -30020.0000
   607.219177          -27900
   609.991028          -25220
   612.760986          -23020
   615.529114          -20340
   618.295227          -17895
   621.059570          -15820
   623.822021      -14075.0000
   626.582581          -12330
   629.341309          -11340
   632.098206          -10595
   634.853088           -9910
   637.606323           -9600
   640.357483           -9650
   643.106873           -9715
   645.854370           -9945
   648.600098           -9875
   651.343872           -9625
   654.085815           -9585
   656.825806           -8815
   659.564026           -8550
   662.300293           -7565
   665.034729           -6460
   667.767273           -5405
   670.497986      -3892.00000
   673.226807           -2581
   675.953796      -870.000000
   678.678894             706
   681.402100            2314
   684.123474       4005.50000
   686.843018            5375
   689.560608       6990.00000
   692.276428            9005
   694.990173           10605
   697.702271           11675
   700.412415           12790
   703.120728       13905.0000
   705.827087           15420
   708.531616           15585
   711.234314       15695.0000
   713.935120       16310.0000
   716.633972           16500
   719.331116           15890
   722.026306       16250.0000
   724.719727       16135.0000
   727.411072           15910
   730.100708           14800
   732.788513       14000.0000
   735.474304       13460.0000
   738.158325           12735
   740.840515           12245
   743.520691           11980
   746.198975           11175
   748.875610           10910
   751.550171           10875
   754.223022           10785
   756.893921            9460
   759.562988            8495
   762.230225            8545
   764.895386            9225
   767.558899            8670
   770.220520       6920.00000
   772.880188       7495.00000
   775.538025            8135
   778.193970            9325
   780.848083            8025
   783.500305            5880
   786.150696            6750
   788.799194            8515
   791.445801            9360
   794.090576       8110.00000
   796.733521            6775
   799.374512       4764.50000
   802.013672            5745
   804.650879            6310
   807.286316       3665.50000
   809.919922       3769.50000
   812.551575            3828
   815.181396       3468.50000
   817.809326            4286
   820.435425            4891
   823.059570            5235
   825.681885       3732.50000
   828.302429            2745
   830.921021            5535
   833.537720            7285
   836.152588       7665.00000
   838.765625            8740
   841.376770       8185.00000
   843.986023            8335
   846.593384            7315
   849.198914       8090.00000
   851.802612            8545
