Krg_grgk.ascii

 Time explicit
 Intervalnr            1
           3
   382.343109            4896
   385.262512            4971
   388.179993            5100
   391.095612       4924.50000
   394.009399            4879
   396.921387       4538.50000
   399.831390            4261
   402.739594            3940
   405.645905            3564
   408.550415       3085.50000
   411.452911       2569.50000
   414.353699       2021.50000
   417.252502       1560.50000
   420.149506       919.000000
   423.044586       345.450012
   425.937805      -321.799988
   428.829193      -988.000000
   431.718689           -1534
   434.606415           -2053
   437.492096      -2655.50000
   440.376007           -3125
   443.258087      -3569.50000
   446.138214      -3870.00000
   449.016510           -4198
   451.892914      -4336.50000
   454.767487           -4592
   457.640198           -4522
   460.510986      -4484.50000
   463.379913      -4211.50000
   466.247009      -3828.50000
   469.112213      -3287.50000
   471.975586      -2872.50000
   474.837097      -2336.50000
   477.696686           -1931
   480.554413           -1422
   483.410309      -1335.50000
   486.264313      -1168.50000
   489.116486      -1263.50000
   491.966705           -1188
   494.815094           -1240
   497.661713      -1421.50000
   500.506287      -1476.50000
   503.349091           -1501
   506.190094      -1634.50000
   509.029114      -2114.50000
   511.866302      -2108.50000
   514.701721      -2822.50000
   517.535095      -3647.50000
   520.366699      -4275.50000
   523.196411           -5330
   526.024170           -6570
   528.850220           -7285
   531.674377           -8035
   534.496582           -8850
   537.317017           -9330
   540.135498           -9450
   542.952087           -9215
   545.766907           -9440
   548.579773           -9410
   551.390930           -9480
   554.200012           -9595
   557.007324          -10650
   559.812683          -11465
   562.616272          -13040
   565.418030          -15055
   568.217773          -17030
   571.015808          -19125
   573.811890          -21875
   576.606079          -24090
   579.398376          -26095
   582.189026          -27785
   584.977478      -29700.0000
   587.764282          -30690
   590.549194      -31405.0000
   593.332214          -31640
   596.113281      -31715.0000
   598.892578          -31775
   601.669983          -30905
   604.445618          -29890
   607.219177          -29155
   609.991028          -27605
   612.760986          -26140
   615.529114          -24285
   618.295227          -22090
   621.059570          -20315
   623.822021          -18400
   626.582581          -16395
   629.341309          -14485
   632.098206      -13375.0000
   634.853088          -12420
   637.606323          -11315
   640.357483          -10910
   643.106873          -10790
   645.854370          -10765
   648.600098          -10540
   651.343872          -10290
   654.085815          -10210
   656.825806           -9770
   659.564026           -9825
   662.300293           -9135
   665.034729           -8560
   667.767273           -7910
   670.497986      -6795.00000
   673.226807           -5400
   675.953796           -3968
   678.678894           -2796
   681.402100      -1371.50000
   684.123474       176.350006
   686.843018       1962.00000
   689.560608       3281.50000
   692.276428            5240
   694.990173            7055
   697.702271            8405
   700.412415            9625
   703.120728           10975
   705.827087           12455
   708.531616           12765
   711.234314           13325
   713.935120       13685.0000
   716.633972           13955
   719.331116       13600.0000
   722.026306       14145.0000
   724.719727           14405
   727.411072       13980.0000
   730.100708           13035
   732.788513           12115
   735.474304           11420
   738.158325           10925
   740.840515           10175
   743.520691            9880
   746.198975            9705
   748.875610            9090
   751.550171            8545
   754.223022       7770.00000
   756.893921       7385.00000
   759.562988       7040.00000
   762.230225            6790
   764.895386       6795.00000
   767.558899            7060
   770.220520            6475
   772.880188            6470
   775.538025            6110
   778.193970            6565
   780.848083            6970
   783.500305            6440
   786.150696            6030
   788.799194            6035
   791.445801            6445
   794.090576            7205
   796.733521            6640
   799.374512            5640
   802.013672            4618
   804.650879            4151
   807.286316            3600
   809.919922            3320
   812.551575            3153
   815.181396       3270.50000
   817.809326       3882.50000
   820.435425       4047.50000
   823.059570       3742.00000
   825.681885            4521
   828.302429            5450
   830.921021            5335
   833.537720            5180
   836.152588            5535
   838.765625            5425
   841.376770            5895
   843.986023            5525
   846.593384            5490
   849.198914            5330
   851.802612            5630
