Krg_noRPb.ascii

 Time explicit
 Intervalnr            1
           1
   382.343109       259.748901
   385.262512       1386.95825
   388.179993       577.041565
   391.095612       2058.97046
   394.009399       330.401459
   396.921387       418.934906
   399.831390       1842.56287
   402.739594      -134.625061
   405.645905       824.413879
   408.550415       558.102844
   411.452911       1737.74573
   414.353699      -186.072495
   417.252502       1916.36328
   420.149506      -2199.08862
   423.044586      -2252.07837
   425.937805      -1932.94373
   428.829193      -4045.12964
   431.718689      -5200.11084
   434.606415      -6648.86621
   437.492096      -5641.97217
   440.376007      -11597.7549
   443.258087      -8629.60547
   446.138214      -8943.12012
   449.016510      -10202.6768
   451.892914      -6008.64600
   454.767487      -4829.84766
   457.640198      -14129.9424
   460.510986      -10554.6387
   463.379913      -8392.91992
   466.247009      -9447.89648
   469.112213      -8341.85059
   471.975586      -9203.45020
   474.837097      -7764.94629
   477.696686      -6079.65625
   480.554413      -7118.04590
   483.410309      -7587.62256
   486.264313      -4663.30078
   489.116486      -2639.42456
   491.966705      -4130.10986
   494.815094      -7195.42285
   497.661713      -4613.58936
   500.506287      -4610.20557
   503.349091      -5840.49902
   506.190094      -2856.08057
   509.029114      -3217.75000
   511.866302      -9705.41309
   514.701721      -7096.21240
   517.535095      -12020.4941
   520.366699      -11041.8848
   523.196411      -12136.9131
   526.024170      -14240.5078
   528.850220      -15626.5215
   531.674377      -19853.3027
   534.496582      -20077.6484
   537.317017      -21794.1230
   540.135498      -28634.0664
   542.952087      -25235.8379
   545.766907      -24900.6074
   548.579773      -23956.6699
   551.390930      -24693.3281
   554.200012      -23609.0996
   557.007324      -29513.9551
   559.812683      -33383.1836
   562.616272      -38405.3477
   565.418030      -43732.4219
   568.217773      -50583.1719
   571.015808      -58280.2773
   573.811890      -68362.6953
   576.606079      -75096.6172
   579.398376      -81949.5078
   582.189026      -84561.6016
   584.977478      -85719.8438
   587.764282      -82671.5312
   590.549194      -76100.8047
   593.332214      -66427.2109
   596.113281      -58375.0508
   598.892578      -51116.5469
   601.669983      -40537.4844
   604.445618      -33164.6719
   607.219177      -25480.5176
   609.991028      -20753.6055
   612.760986      -15133.3760
   615.529114      -11857.1045
   618.295227      -12318.3545
   621.059570      -11539.9912
   623.822021      -10135.8086
   626.582581      -13240.9355
   629.341309      -15229.2178
   632.098206      -14447.4150
   634.853088      -13853.7803
   637.606323      -16226.0674
   640.357483      -18529.0723
   643.106873      -19643.5859
   645.854370      -20788.2266
   648.600098      -20661.3574
   651.343872      -18528.4805
   654.085815      -16756.2773
   656.825806      -14551.2451
   659.564026      -12522.2471
   662.300293      -8692.71973
   665.034729      -6505.24658
   667.767273      -4066.22827
   670.497986       219.542740
   673.226807       2627.78931
   675.953796       3043.73340
   678.678894       7025.66650
   681.402100       10038.2832
   684.123474       12109.4980
   686.843018       13435.0010
   689.560608       14560.0000
   692.276428       16118.7148
   694.990173       19843.2363
   697.702271       19258.0156
   700.412415       18499.2715
   703.120728       21402.5859
   705.827087       25392.3281
   708.531616       27062.1836
   711.234314       27161.8477
   713.935120       28275.4043
   716.633972       29509.9043
   719.331116       30107.3066
   722.026306       32306.3477
   724.719727       34593.3672
   727.411072       32551.8359
   730.100708       31019.5176
   732.788513       32008.1719
   735.474304       33400.8984
   738.158325       32650.6914
   740.840515       30006.8613
   743.520691       27741.2715
   746.198975       28350.5234
   748.875610       26920.5586
   751.550171       20924.7383
   754.223022       19191.4551
   756.893921       17148.1816
   759.562988       18102.3359
   762.230225       17827.0820
   764.895386       15253.2061
   767.558899       16658.7559
   770.220520       17375.2402
   772.880188       17455.2480
   775.538025       18896.0840
   778.193970       18236.5742
   780.848083       18050.9023
   783.500305       19788.7559
   786.150696       19225.5605
   788.799194       18212.7715
   791.445801       18279.9336
   794.090576       19799.5117
   796.733521       16577.9746
   799.374512       12323.0195
   802.013672       11459.7617
   804.650879       8246.95215
   807.286316       7035.12598
   809.919922       4879.71387
   812.551575       5625.27637
   815.181396       9503.64258
   817.809326       11890.3584
   820.435425       9964.66504
   823.059570       9941.38086
   825.681885       11538.1748
   828.302429       16383.9512
   830.921021       15703.9727
   833.537720       15046.3545
   836.152588       14747.2627
   838.765625       16087.6602
   841.376770       16163.3037
   843.986023       16273.9746
   846.593384       14913.0342
   849.198914       14724.4414
   851.802612       17600.1367
