RT400_590excDPSIjul30tr24KtargetPB10e

 Time explicit
 Intervalnr            1
           1
   614.107056       14.4403019
   616.219849       17.3980846
   618.332642       23.4708748
   620.445435       32.2651482
   622.558228       41.9619179
   624.671021       54.4761162
   626.783813       81.2655792
   628.896606       107.656113
   631.009399       133.592987
   633.122192       164.509598
   635.234985       198.338272
   637.347778       247.266830
   639.460632       304.631348
   641.573486       374.536713
   643.686279       463.837708
   645.799072       560.888123
   647.911865       656.220947
   650.024658       751.152405
   652.137451       845.290222
   654.250244       940.831604
   656.363037       1037.13672
   658.475830       1057.34814
   660.588623       1064.14954
   662.701416       1043.53760
   664.814209       997.426514
   666.927002       932.985168
   669.039795       861.811157
   671.152588       787.814636
   673.265381       705.964600
   675.378235       627.721802
   677.491089       552.871216
   679.603882       499.419250
   681.716675       451.347809
   683.829468       408.956024
   685.942261       364.453461
   688.055054       317.368561
   690.167847       295.422821
   692.280640       281.587921
   694.393433       270.505981
   696.506226       259.149750
   698.619019       247.353455
   700.731812       239.010712
   702.844604       232.182327
   704.957397       225.380402
   707.070190       220.104019
   709.182983       218.097229
   711.295776       215.400803
   713.408630       212.298218
   715.521484       198.746323
   717.634277       187.848572
   719.747070       186.787598
   721.859863       187.656143
   723.972656       190.018478
   726.085449       183.177673
   728.198242       175.633514
   730.311035       170.768829
   732.423828       162.600449
   734.536621       151.093460
   736.649414       143.576569
   738.762207       136.915619
   740.875000       129.628571
   742.987793       122.335892
   745.100586       115.035774
   747.213379       105.813499
   749.326172       96.0128937
   751.439026       87.7246704
   753.551880       81.2854919
   755.664673       78.0521240
   757.777466       73.1676254
   759.890259       67.4955673
   762.003052       70.3012619
   764.115845       70.2290726
   766.228638       63.2078133
   768.341431       55.4396400
   770.454224       47.1964302
