RT400_590excDPSIjul30tr24KtargetPB10f

 Time explicit
 Intervalnr            1
           1
   614.107056       8.92541504
   616.219849       12.1111917
   618.332642       13.2025385
   620.445435       12.4640503
   622.558228       13.7459507
   624.671021       13.7352057
   626.783813       4.77022266
   628.896606      0.194200888
   631.009399      0.609244287
   633.122192       4.66839170
   635.234985       9.98335648
   637.347778       17.5412159
   639.460632       27.1292152
   641.573486       39.7354088
   643.686279       57.2203941
   645.799072       77.4235535
   647.911865       127.629860
   650.024658       184.465836
   652.137451       254.410080
   654.250244       312.567627
   656.363037       364.311035
   658.475830       471.282288
   660.588623       575.541260
   662.701416       666.061523
   664.814209       757.992859
   666.927002       850.938477
   669.039795       911.341003
   671.152588       963.417908
   673.265381       998.248108
   675.378235       1014.77643
   677.491089       1014.10449
   679.603882       968.372742
   681.716675       910.425842
   683.829468       835.019165
   685.942261       761.827332
   688.055054       691.345215
   690.167847       603.288696
   692.280640       511.613953
   694.393433       444.182465
   696.506226       384.492432
   698.619019       337.223328
   700.731812       297.407410
   702.844604       260.958771
   704.957397       239.863678
   707.070190       218.329956
   709.182983       195.856171
   711.295776       179.284012
   713.408630       166.186584
   715.521484       165.661758
   717.634277       163.974701
   719.747070       156.481903
   721.859863       146.626205
   723.972656       134.941208
   726.085449       133.966339
   728.198242       133.730637
   730.311035       130.029785
   732.423828       130.606796
   734.536621       135.506897
   736.649414       132.652130
   738.762207       128.294464
   740.875000       126.327988
   742.987793       123.130005
   745.100586       118.309944
   747.213379       115.847939
   749.326172       114.030449
   751.439026       109.230492
   753.551880       102.548691
   755.664673       92.6045990
   757.777466       85.8592377
   759.890259       80.6396027
   762.003052       65.7747192
   764.115845       54.5604172
   766.228638       52.1303368
   768.341431       51.8302269
   770.454224       52.8847694
