Krg_noRPe.ascii

 Time explicit
 Intervalnr            1
           4
   382.343109       11068.4336
   385.262512       11290.3359
   388.179993       11668.0635
   391.095612       11193.8262
   394.009399       11026.9961
   396.921387       10349.5938
   399.831390       9489.10938
   402.739594       8751.48047
   405.645905       7691.68750
   408.550415       6588.77002
   411.452911       5583.93799
   414.353699       4361.22119
   417.252502       3263.15869
   420.149506       1551.04919
   423.044586       265.300201
   425.937805      -1313.18030
   428.829193      -2608.14990
   431.718689      -4074.97241
   434.606415      -5251.09131
   437.492096      -6344.30127
   440.376007      -7621.70898
   443.258087      -8051.07031
   446.138214      -8766.24121
   449.016510      -9529.20898
   451.892914      -10065.8721
   454.767487      -10389.2607
   457.640198      -10354.3027
   460.510986      -9960.96094
   463.379913      -9139.58008
   466.247009      -8478.10449
   469.112213      -7296.96191
   471.975586      -6094.26123
   474.837097      -4914.89697
   477.696686      -3947.25757
   480.554413      -3241.07349
   483.410309      -2943.53467
   486.264313      -2455.14746
   489.116486      -2370.41479
   491.966705      -2307.67383
   494.815094      -2801.34229
   497.661713      -2628.07764
   500.506287      -2799.18286
   503.349091      -3175.51343
   506.190094      -3155.68115
   509.029114      -3655.28467
   511.866302      -4899.37061
   514.701721      -5647.23486
   517.535095      -7664.15283
   520.366699      -8212.84082
   523.196411      -9271.32715
   526.024170      -11394.3135
   528.850220      -13246.2666
   531.674377      -14942.8955
   534.496582      -17475.3730
   537.317017      -19934.2891
   540.135498      -19754.6250
   542.952087      -19251.5918
   545.766907      -19376.3848
   548.579773      -18910.1133
   551.390930      -19106.1523
   554.200012      -19913.7402
   557.007324      -21506.3730
   559.812683      -23841.6934
   562.616272      -27115.8984
   565.418030      -31211.4551
   568.217773      -34749.5508
   571.015808      -38959.2930
   573.811890      -43213.1562
   576.606079      -46403.3125
   579.398376      -48992.6523
   582.189026      -50712.1992
   584.977478      -51841.3750
   587.764282      -51480.5625
   590.549194      -51282.3633
   593.332214      -50602.3320
   596.113281      -49978.8359
   598.892578      -50057.3750
   601.669983      -49982.8867
   604.445618      -50160.0781
   607.219177      -51081.2891
   609.991028      -51001.7891
   612.760986      -51144.8203
   615.529114      -50617.8164
   618.295227      -49087.6562
   621.059570      -46808.7344
   623.822021      -43918.0273
   626.582581      -40453.6953
   629.341309      -36865.0312
   632.098206      -33738.6875
   634.853088      -30577.3984
   637.606323      -27457.7246
   640.357483      -25423.0293
   643.106873      -23033.4453
   645.854370      -22027.2324
   648.600098      -20373.4727
   651.343872      -19691.7422
   654.085815      -19259.5332
   656.825806      -18369.4141
   659.564026      -18472.6484
   662.300293      -17695.5176
   665.034729      -17393.2461
   667.767273      -16756.7559
   670.497986      -15287.8076
   673.226807      -13938.8213
   675.953796      -11964.0566
   678.678894      -10175.0312
   681.402100      -7663.00635
   684.123474      -5130.74268
   686.843018      -1978.42834
   689.560608       1320.66541
   692.276428       4740.10254
   694.990173       9069.55176
   697.702271       11268.5488
   700.412415       14012.7910
   703.120728       17229.4336
   705.827087       19751.2051
   708.531616       21288.0762
   711.234314       21849.3223
   713.935120       23280.8086
   716.633972       24787.6074
   719.331116       24704.1836
   722.026306       24819.0273
   724.719727       25245.4219
   727.411072       24734.3281
   730.100708       23573.2227
   732.788513       22640.8750
   735.474304       21403.8008
   738.158325       19952.5117
   740.840515       18616.5781
   743.520691       17523.5137
   746.198975       16247.7129
   748.875610       15575.2764
   751.550171       14604.6875
   754.223022       13835.2793
   756.893921       12745.9209
   759.562988       12369.1543
   762.230225       12078.3740
   764.895386       11836.5664
   767.558899       11789.2324
   770.220520       11597.4795
   772.880188       11743.1211
   775.538025       11713.2100
   778.193970       12397.6699
   780.848083       12780.5586
   783.500305       12083.2002
   786.150696       11856.5029
   788.799194       11925.6816
   791.445801       12629.6289
   794.090576       13580.9014
   796.733521       12371.3320
   799.374512       10588.6426
   802.013672       9232.99414
   804.650879       8197.02441
   807.286316       6855.44727
   809.919922       6844.53076
   812.551575       6232.64648
   815.181396       6315.51807
   817.809326       6987.72656
   820.435425       7182.21680
   823.059570       7077.75000
   825.681885       7361.62061
   828.302429       9502.16602
   830.921021       10602.2764
   833.537720       10636.1035
   836.152588       11241.6387
   838.765625       11394.8975
   841.376770       11767.6201
   843.986023       11378.6826
   846.593384       11814.2881
   849.198914       11743.7100
   851.802612       11594.3906
