Krg_grgi.ascii

 Time explicit
 Intervalnr            1
           1
   382.343109            -618
   385.262512       71.4499969
   388.179993      -636.500000
   391.095612             688
   394.009399      -161.350006
   396.921387      -222.399994
   399.831390       368.200012
   402.739594            -519
   405.645905      -155.149994
   408.550415      -135.050003
   411.452911            -834
   414.353699           -1211
   417.252502            -849
   420.149506           -1390
   423.044586      -2639.50000
   425.937805      -2591.50000
   428.829193           -3455
   431.718689      -3898.00000
   434.606415           -3765
   437.492096           -3652
   440.376007           -5105
   443.258087           -5455
   446.138214           -5380
   449.016510           -5565
   451.892914      -4279.50000
   454.767487           -5455
   457.640198           -6115
   460.510986           -5550
   463.379913           -5290
   466.247009      -4822.50000
   469.112213      -4038.00000
   471.975586      -4116.50000
   474.837097      -3401.00000
   477.696686           -3239
   480.554413      -2028.50000
   483.410309      -2365.50000
   486.264313      -1639.50000
   489.116486           -1987
   491.966705           -1644
   494.815094           -1266
   497.661713      -1539.50000
   500.506287      -890.500000
   503.349091            -990
   506.190094      -1627.50000
   509.029114      -2287.50000
   511.866302      -1573.50000
   514.701721           -2604
   517.535095      -3771.00000
   520.366699           -4657
   523.196411           -5645
   526.024170           -7005
   528.850220           -8100
   531.674377           -8635
   534.496582           -9505
   537.317017          -10595
   540.135498          -12405
   542.952087          -10880
   545.766907          -12530
   548.579773          -13420
   551.390930          -13145
   554.200012          -12805
   557.007324      -14920.0000
   559.812683          -16270
   562.616272          -17790
   565.418030          -19925
   568.217773          -23435
   571.015808          -25860
   573.811890          -29150
   576.606079          -32915
   579.398376          -34960
   582.189026          -36990
   584.977478          -39065
   587.764282          -37865
   590.549194          -36445
   593.332214          -33950
   596.113281      -29980.0000
   598.892578          -26185
   601.669983          -21635
   604.445618          -18155
   607.219177      -14305.0000
   609.991028          -11540
   612.760986           -8610
   615.529114           -7290
   618.295227      -6720.00000
   621.059570           -4373
   623.822021           -5540
   626.582581      -6925.00000
   629.341309           -7100
   632.098206           -6390
   634.853088      -7145.00000
   637.606323           -7725
   640.357483           -8345
   643.106873           -8115
   645.854370           -7745
   648.600098           -7880
   651.343872      -7070.00000
   654.085815           -6275
   656.825806           -5590
   659.564026      -4346.50000
   662.300293      -2979.50000
   665.034729      -1220.50000
   667.767273            -513
   670.497986       1300.50000
   673.226807            2371
   675.953796            2973
   678.678894            5385
   681.402100            6070
   684.123474       7430.00000
   686.843018            8310
   689.560608            9670
   692.276428            9910
   694.990173           11075
   697.702271           11735
   700.412415           11650
   703.120728       13920.0000
   705.827087       14840.0000
   708.531616           15130
   711.234314           15340
   713.935120       16165.0000
   716.633972       15460.0000
   719.331116       15155.0000
   722.026306           16775
   724.719727           17440
   727.411072           16960
   730.100708           15265
   732.788513       15950.0000
   735.474304           16630
   738.158325           16075
   740.840515       14990.0000
   743.520691       13915.0000
   746.198975           14035
   748.875610           13015
   751.550171            9400
   754.223022            8545
   756.893921       8125.00000
   759.562988            7745
   762.230225       7470.00000
   764.895386            7475
   767.558899            7765
   770.220520            7120
   772.880188            7120
   775.538025       6725.00000
   778.193970            7220
   780.848083            7670
   783.500305            7085
   786.150696            6635
   788.799194            6640
   791.445801            7090
   794.090576       7925.00000
   796.733521       7305.00000
   799.374512            6205
   802.013672            5080
   804.650879            4566
   807.286316            3960
   809.919922            3652
   812.551575       3468.00000
   815.181396       3597.50000
   817.809326       4270.50000
   820.435425            4452
   823.059570            4116
   825.681885            4973
   828.302429            5995
   830.921021            5865
   833.537720            5700
   836.152588            6085
   838.765625            5970
   841.376770            6485
   843.986023            6080
   846.593384            6035
   849.198914            5865
   851.802612            6195
