Krg_noRPd.ascii

 Time explicit
 Intervalnr            1
           3
   382.343109       12986.3242
   385.262512       11953.6387
   388.179993       12896.4102
   391.095612       12915.0117
   394.009399       11755.9844
   396.921387       11212.6826
   399.831390       10311.1758
   402.739594       8809.75781
   405.645905       7653.95264
   408.550415       6345.79102
   411.452911       5305.70752
   414.353699       3755.90796
   417.252502       2653.55518
   420.149506       1201.53784
   423.044586      -273.275726
   425.937805      -1820.62781
   428.829193      -3399.79199
   431.718689      -4522.80127
   434.606415      -5791.88037
   437.492096      -6566.93652
   440.376007      -8274.63477
   443.258087      -7865.41699
   446.138214      -8304.58984
   449.016510      -8870.55176
   451.892914      -8691.44141
   454.767487      -8447.10938
   457.640198      -9886.32227
   460.510986      -8433.66602
   463.379913      -7288.61328
   466.247009      -7141.63818
   469.112213      -6043.51270
   471.975586      -5284.73877
   474.837097      -4230.12402
   477.696686      -3184.35938
   480.554413      -3005.03076
   483.410309      -3147.62378
   486.264313      -2238.88916
   489.116486      -1837.94739
   491.966705      -2187.69043
   494.815094      -3495.66895
   497.661713      -3034.57275
   500.506287      -3118.33521
   503.349091      -3925.77100
   506.190094      -3240.06738
   509.029114      -4106.19971
   511.866302      -7623.58203
   514.701721      -7505.42236
   517.535095      -9900.42383
   520.366699      -11807.4082
   523.196411      -13170.6641
   526.024170      -15325.2383
   528.850220      -16185.1123
   531.674377      -19504.9023
   534.496582      -19760.5195
   537.317017      -20125.8496
   540.135498      -20890.2930
   542.952087      -19242.4316
   545.766907      -19635.2891
   548.579773      -18517.1914
   551.390930      -18710.5273
   554.200012      -19617.8164
   557.007324      -21272.1992
   559.812683      -25540.2832
   562.616272      -29650.8047
   565.418030      -35223.2773
   568.217773      -38426.3008
   571.015808      -45252.9336
   573.811890      -49918.5586
   576.606079      -54595.6523
   579.398376      -59778.3945
   582.189026      -60945.7461
   584.977478      -62308.3906
   587.764282      -63870.1406
   590.549194      -62451.4648
   593.332214      -59870.5586
   596.113281      -58820.3359
   598.892578      -58685.3008
   601.669983      -55759.0156
   604.445618      -51939.6445
   607.219177      -50751.1953
   609.991028      -47531.0195
   612.760986      -41538.6523
   615.529114      -41427.4688
   618.295227      -37527.0625
   621.059570      -34945.1562
   623.822021      -33070.1484
   626.582581      -28441.5254
   629.341309      -29227.8105
   632.098206      -24788.8340
   634.853088      -24153.0859
   637.606323      -25087.8594
   640.357483      -21992.5879
   643.106873      -20112.4238
   645.854370      -20951.3105
   648.600098      -19521.7949
   651.343872      -20989.0762
   654.085815      -20659.6777
   656.825806      -20973.3809
   659.564026      -19189.3965
   662.300293      -18834.6270
   665.034729      -18743.7227
   667.767273      -14198.3203
   670.497986      -13669.9316
   673.226807      -11442.2461
   675.953796      -9068.71094
   678.678894      -7238.76221
   681.402100      -3157.01343
   684.123474      -2798.96753
   686.843018      -744.481140
   689.560608       1071.71826
   692.276428       8228.79492
   694.990173       9644.57520
   697.702271       11565.9248
   700.412415       14469.2246
   703.120728       17220.4082
   705.827087       15479.4268
   708.531616       19339.6797
   711.234314       19327.7480
   713.935120       19987.3281
   716.633972       20516.9688
   719.331116       18883.8066
   722.026306       19835.7285
   724.719727       21934.9492
   727.411072       18555.7930
   730.100708       18599.5195
   732.788513       18480.0391
   735.474304       18707.2773
   738.158325       17393.7422
   740.840515       15857.1621
   743.520691       15940.2217
   746.198975       17795.1562
   748.875610       19303.6797
   751.550171       19022.4902
   754.223022       17446.7773
   756.893921       15589.2559
   759.562988       16456.6680
   762.230225       16206.4375
   764.895386       13866.5508
   767.558899       15144.3232
   770.220520       15795.6729
   772.880188       15868.4062
   775.538025       17178.2578
   778.193970       16578.7031
   780.848083       16409.9121
   783.500305       17989.7773
   786.150696       17477.7812
   788.799194       16557.0645
   791.445801       16618.1211
   794.090576       17999.5566
   796.733521       15070.8857
   799.374512       11202.7451
   802.013672       10417.9648
   804.650879       7497.22949
   807.286316       6395.56885
   809.919922       4436.10352
   812.551575       5113.88721
   815.181396       8639.67480
   817.809326       10809.4160
   820.435425       9058.78613
   823.059570       9037.61914
   825.681885       10489.2490
   828.302429       14894.5010
   830.921021       14276.3389
   833.537720       13678.5039
   836.152588       13406.6016
   838.765625       14625.1455
   841.376770       14693.9121
   843.986023       14794.5225
   846.593384       13557.3037
   849.198914       13385.8555
   851.802612       16000.1240
