Krg_grgl.ascii

 Time explicit
 Intervalnr            1
           4
   382.343109            5510
   385.262512            5645
   388.179993            5815
   391.095612            5580
   394.009399            5505
   396.921387            5155
   399.831390            4726
   402.739594       4364.50000
   405.645905            3841
   408.550415            3309
   411.452911       2751.50000
   414.353699            2204
   417.252502       1683.50000
   420.149506             989
   423.044586       402.549988
   425.937805      -347.950012
   428.829193      -947.500000
   431.718689      -1575.50000
   434.606415      -2195.50000
   437.492096           -2771
   440.376007           -3287
   443.258087      -3666.50000
   446.138214      -4032.50000
   449.016510      -4381.50000
   451.892914           -4649
   454.767487      -4857.50000
   457.640198           -4745
   460.510986      -4744.50000
   463.379913           -4449
   466.247009      -4012.50000
   469.112213      -3392.00000
   471.975586           -2871
   474.837097           -2299
   477.696686      -1824.00000
   480.554413           -1356
   483.410309           -1146
   486.264313            -994
   489.116486      -1037.50000
   491.966705      -919.500000
   494.815094           -1048
   497.661713           -1120
   500.506287      -1178.50000
   503.349091           -1220
   506.190094      -1341.50000
   509.029114           -1534
   511.866302      -1691.50000
   514.701721      -2196.50000
   517.535095           -2843
   520.366699           -3583
   523.196411           -4560
   526.024170           -5620
   528.850220           -6550
   531.674377      -7390.00000
   534.496582           -8240
   537.317017           -8945
   540.135498           -9180
   542.952087           -9155
   545.766907           -9240
   548.579773           -9160
   551.390930           -9170
   554.200012           -9280
   557.007324           -9940
   559.812683          -10695
   562.616272          -11920
   565.418030      -13595.0000
   568.217773          -15270
   571.015808          -17160
   573.811890          -19370
   576.606079          -21200
   579.398376          -22700
   582.189026          -24060
   584.977478          -25235
   587.764282          -25695
   590.549194          -26140
   593.332214          -26365
   596.113281          -26365
   598.892578          -26640
   601.669983          -26780
   604.445618      -26875.0000
   607.219177          -27265
   609.991028          -27010
   612.760986          -26975
   615.529114          -26280
   618.295227          -25285
   621.059570          -23965
   623.822021          -22405
   626.582581          -20585
   629.341309          -18635
   632.098206          -16955
   634.853088          -15180
   637.606323          -13570
   640.357483          -12485
   643.106873          -11440
   645.854370          -10750
   648.600098          -10040
   651.343872           -9525
   654.085815           -9265
   656.825806           -8830
   659.564026           -8805
   662.300293           -8495
   665.034729           -8315
   667.767273      -8045.00000
   670.497986      -7470.00000
   673.226807           -6750
   675.953796           -5780
   678.678894      -4881.50000
   681.402100      -3673.50000
   684.123474           -2173
   686.843018      -666.500000
   689.560608       951.500000
   692.276428            2811
   694.990173       4534.50000
   697.702271            6110
   700.412415       7465.00000
   703.120728            8860
   705.827087           10440
   708.531616           10960
   711.234314           11705
   713.935120           12300
   716.633972           12800
   719.331116           12685
   722.026306           12635
   724.719727           12770
   727.411072           12580
   730.100708           11960
   732.788513           11450
   735.474304           10800
   738.158325           10095
   740.840515            9360
   743.520691            8820
   746.198975       8130.00000
   748.875610       7740.00000
   751.550171            7180
   754.223022       6840.00000
   756.893921            6310
   759.562988            6105
   762.230225            5920
   764.895386            5825
   767.558899            5775
   770.220520            5610
   772.880188            5700
   775.538025            5625
   778.193970            6005
   780.848083            6210
   783.500305            5795
   786.150696            5700
   788.799194            5755
   791.445801            6120
   794.090576            6585
   796.733521            6035
   799.374512            5250
   802.013672            4541
   804.650879       4060.00000
   807.286316       3431.50000
   809.919922       3435.50000
   812.551575       3109.50000
   815.181396            3074
   817.809326            3377
   820.435425       3569.50000
   823.059570            3511
   825.681885       3664.50000
   828.302429       4644.50000
   830.921021            5150
   833.537720            5150
   836.152588            5505
   838.765625            5555
   841.376770            5755
   843.986023            5545
   846.593384            5780
   849.198914            5820
   851.802612            5620
