Krg_noRPc.ascii

 Time explicit
 Intervalnr            1
           2
   382.343109       13974.2568
   385.262512       13888.2129
   388.179993       15123.6484
   391.095612       12566.4512
   394.009399       12418.9258
   396.921387       11511.8506
   399.831390       11061.6025
   402.739594       9399.40039
   405.645905       9442.82422
   408.550415       7147.65723
   411.452911       7513.42383
   414.353699       4746.32617
   417.252502       3735.18311
   420.149506       1077.59119
   423.044586       511.818481
   425.937805      -745.851379
   428.829193      -2377.74536
   431.718689      -3658.46582
   434.606415      -4634.36621
   437.492096      -5081.64844
   440.376007      -8093.85107
   443.258087      -7020.65869
   446.138214      -7931.98535
   449.016510      -8854.77539
   451.892914      -8209.54785
   454.767487      -8386.04102
   457.640198      -11118.1523
   460.510986      -8763.00684
   463.379913      -6819.10303
   466.247009      -7264.91406
   469.112213      -6656.09033
   471.975586      -6164.30371
   474.837097      -4811.34473
   477.696686      -3557.05591
   480.554413      -3482.54272
   483.410309      -3578.22290
   486.264313      -1798.75757
   489.116486      -371.561584
   491.966705      -731.812012
   494.815094      -3116.91895
   497.661713      -1874.20166
   500.506287      -2375.77734
   503.349091      -3693.21875
   506.190094      -1357.38611
   509.029114      -1737.61157
   511.866302      -7008.12207
   514.701721      -5285.85986
   517.535095      -7827.90430
   520.366699      -11041.8848
   523.196411      -12136.9131
   526.024170      -14240.5078
   528.850220      -15626.5215
   531.674377      -19853.3027
   534.496582      -20077.6484
   537.317017      -21794.1230
   540.135498      -21578.1289
   542.952087      -20939.7441
   545.766907      -22349.7461
   548.579773      -20293.2012
   551.390930      -20282.5879
   554.200012      -21518.6816
   557.007324      -22960.1289
   559.812683      -27073.9277
   562.616272      -29281.9219
   565.418030      -34238.2969
   568.217773      -38886.4219
   571.015808      -44165.9961
   573.811890      -51777.6250
   576.606079      -57765.0117
   579.398376      -64368.6523
   582.189026      -68212.4688
   584.977478      -73296.2969
   587.764282      -76766.7891
   590.549194      -76759.4688
   593.332214      -75072.0703
   596.113281      -74934.4766
   598.892578      -74812.8359
   601.669983      -69402.3516
   604.445618      -64193.8047
   607.219177      -59973.7344
   609.991028      -54868.3945
   612.760986      -46778.1758
   615.529114      -43160.4414
   618.295227      -37523.2969
   621.059570      -34553.3867
   623.822021      -30768.5664
   626.582581      -25918.9043
   629.341309      -25573.2891
   632.098206      -23695.0781
   634.853088      -22471.7637
   637.606323      -22832.3574
   640.357483      -21390.3496
   643.106873      -21640.5586
   645.854370      -22172.3281
   648.600098      -22118.7031
   651.343872      -22516.7910
   654.085815      -21478.7949
   656.825806      -21020.9258
   659.564026      -18618.9336
   662.300293      -17379.0996
   665.034729      -16715.8984
   667.767273      -12184.4023
   670.497986      -10177.3975
   673.226807      -8359.62891
   675.953796      -4935.97314
   678.678894      -2319.92505
   681.402100       2298.39062
   684.123474       3429.98364
   686.843018       6490.47998
   689.560608       8355.89844
   692.276428       15840.2148
   694.990173       16876.5020
   697.702271       19857.5625
   700.412415       24136.4707
   703.120728       25508.3770
   705.827087       28580.2148
   708.531616       29815.8750
   711.234314       32461.6367
   713.935120       33485.6445
   716.633972       35526.4258
   719.331116       34413.3906
   722.026306       34062.1133
   724.719727       33423.8203
   727.411072       30933.2461
   730.100708       31069.6641
   732.788513       28631.3164
   735.474304       27598.7715
   738.158325       27511.5234
   740.840515       24246.8477
   743.520691       23022.1445
   746.198975       22694.4297
   748.875610       23012.2559
   751.550171       22742.2559
   754.223022       23023.4512
   756.893921       18417.2305
   759.562988       18440.0625
   762.230225       18836.6074
   764.895386       17021.7109
   767.558899       14836.8496
   770.220520       13526.5283
   772.880188       14575.6914
   775.538025       16501.4805
   778.193970       16725.4277
   780.848083       13917.8408
   783.500305       11555.4961
   786.150696       13089.5107
   788.799194       15892.8662
   791.445801       16996.2930
   794.090576       14683.6348
   796.733521       11526.3350
   799.374512       8322.33691
   802.013672       12874.2715
   804.650879       11294.9570
   807.286316       5706.44043
   809.919922       4898.96240
   812.551575       4010.43335
   815.181396       5482.20947
   817.809326       9091.82227
   820.435425       11891.4814
   823.059570       17526.7051
   825.681885       5301.16455
   828.302429      -897.868286
   830.921021       17004.0566
   833.537720       13027.7363
   836.152588       19747.6797
   838.765625       19908.1211
   841.376770       16474.4473
   843.986023       14963.6602
   846.593384       14581.6650
   849.198914       15803.8018
   851.802612       18390.4805
