Krg_grgh.ascii

 Time explicit
 Intervalnr            1
           5
   382.343109       3332.50000
   385.262512       3170.50000
   388.179993            2921
   391.095612            2652
   394.009399       2365.50000
   396.921387       2072.50000
   399.831390            1757
   402.739594       1371.50000
   405.645905       958.000000
   408.550415             552
   411.452911       237.550003
   414.353699       27.2000008
   417.252502      -112.900002
   420.149506      -201.550003
   423.044586      -346.850006
   425.937805            -599
   428.829193      -908.000000
   431.718689           -1233
   434.606415           -1444
   437.492096           -1422
   440.376007      -1125.50000
   443.258087      -622.500000
   446.138214      -90.9499969
   449.016510       380.299988
   451.892914       742.500000
   454.767487       989.500000
   457.640198            1101
   460.510986            1215
   463.379913       1269.50000
   466.247009       1306.50000
   469.112213            1306
   471.975586       1276.50000
   474.837097            1249
   477.696686       1189.50000
   480.554413       1158.50000
   483.410309            1082
   486.264313       1063.50000
   489.116486       1032.50000
   491.966705            1033
   494.815094       1003.50000
   497.661713       1008.50000
   500.506287       1017.50000
   503.349091       971.500000
   506.190094       1002.50000
   509.029114            1006
   511.866302       965.500000
   514.701721       982.000000
   517.535095       942.000000
   520.366699       952.500000
   523.196411       936.000000
   526.024170       914.500000
   528.850220             898
   531.674377       892.500000
   534.496582             875
   537.317017       848.500000
   540.135498       817.000000
   542.952087       775.500000
   545.766907       750.500000
   548.579773             715
   551.390930       672.500000
   554.200012             633
   557.007324       576.500000
   559.812683       512.500000
   562.616272       452.850006
   565.418030       381.399994
   568.217773       353.750000
   571.015808       248.000000
   573.811890       203.050003
   576.606079       149.399994
   579.398376       74.6500015
   582.189026       24.3999996
   584.977478      -26.1250000
   587.764282      -84.5500031
   590.549194      -108.099998
   593.332214      -181.399994
   596.113281      -205.949997
   598.892578      -278.250000
   601.669983      -358.500000
   604.445618      -410.450012
   607.219177      -537.500000
   609.991028            -616
   612.760986      -734.500000
   615.529114      -913.500000
   618.295227      -1071.50000
   621.059570           -1288
   623.822021      -1483.50000
   626.582581      -1731.50000
   629.341309           -1977
   632.098206      -2183.50000
   634.853088      -2430.50000
   637.606323      -2636.50000
   640.357483           -2766
   643.106873           -2918
   645.854370           -2994
   648.600098      -3050.50000
   651.343872           -3055
   654.085815      -3003.50000
   656.825806           -2978
   659.564026      -2920.50000
   662.300293      -2825.50000
   665.034729           -2740
   667.767273           -2675
   670.497986           -2671
   673.226807           -2755
   675.953796           -2866
   678.678894      -3022.50000
   681.402100      -3247.00000
   684.123474           -3614
   686.843018      -4002.50000
   689.560608           -4349
   692.276428      -4892.50000
   694.990173           -5430
   697.702271           -5965
   700.412415           -6315
   703.120728      -6930.00000
   705.827087           -7355
   708.531616           -7885
   711.234314           -8230
   713.935120           -8640
   716.633972           -8880
   719.331116           -9005
   722.026306           -9120
   724.719727           -9310
   727.411072           -9200
   730.100708           -9080
   732.788513           -8975
   735.474304           -8885
   738.158325           -8660
   740.840515           -8510
   743.520691           -8160
   746.198975      -8135.00000
   748.875610           -7915
   751.550171      -7780.00000
   754.223022           -7170
   756.893921           -6865
   759.562988      -6800.00000
   762.230225           -6470
   764.895386           -6295
   767.558899           -6060
   770.220520           -5780
   772.880188           -5630
   775.538025           -5475
   778.193970           -5160
   780.848083      -4827.50000
   783.500305      -4724.50000
   786.150696           -4574
   788.799194      -4391.50000
   791.445801      -4037.00000
   794.090576      -3957.50000
   796.733521      -3775.00000
   799.374512      -3559.50000
   802.013672           -3103
   804.650879           -2429
   807.286316      -2373.50000
   809.919922           -2347
   812.551575      -1539.50000
   815.181396           -1472
   817.809326           -1638
   820.435425      -1615.50000
   823.059570           -1501
   825.681885      -1598.50000
   828.302429      -2213.50000
   830.921021           -2159
   833.537720      -2186.50000
   836.152588      -1945.00000
   838.765625      -1726.50000
   841.376770           -1464
   843.986023           -1278
   846.593384      -1102.50000
   849.198914      -1009.50000
   851.802612      -746.500000
